0 0 0 0
1 3 1000 1
1 3 100 2
3 6 100 2
4 4 100 2
2 8 10 3
2 4 100 3
1 6 100 3
2 4 100 3
1 12 10 4 
2 12 1000 1
3 6 100 2
2 4 100 2
1 6 1000 2
1 4 1000 2
1 4 100 3
1 10 100 3
1 10 100 3
1 12 100 3
2 8 10 4 
1 4 1000 2
1 4 1000 2
1 4 1000 2
1 8 1000 2
1 6 1000 2
1 8 100 3
1 12 100 3
1 12 100 3
1 12 100 3
1 12 10 4
1 8 1000 2
1 6 1000 2
1 8 1000 2
1 10 1000 2
1 8 1000 2
1 8 100 3
1 12 100 3
1 12 100 3
1 12 100 3
1 12 10 4
1 12 1000 2
1 8 1000 2
1 10 1000 2
1 12 1000 2
1 6 1000 2
1 6 100 3
1 12 100 3
1 12 100 3
1 6 100 3
1 12 10 4
1 10 1000 2
1 8 1000 2
1 12 1000 2
1 12 100 3
1 8 100 3
2 6 100 3
2 6 100 3
2 8 100 3
1 12 100 3
1 12 10 4
2 8 1000 2
2 6 1000 2
2 8 1000 2
2 8 100 3
3 4 100 3
2 8 100 3
2 8 100 3
2 8 100 3
3 4 100 3
2 8 10 4 
2 10 1000 2 
2 8 1000 2
2 8 100 3
2 10 100 3
4 4 100 3
4 4 100 3
4 4 100 3
2 10 100 3
2 10 10 4
2 10 10 4
2 12 1000 2 
2 10 1000 2
2 10 100 3
4 6 100 3
2 12 100 3
2 12 100 3
3 10 100 3 
3 10 100 3
4 6 10 4
2 12 10 4
3 8 1000 2
2 12 1000 2
3 8 100 3
6 4 100 3
4 6 100 3
4 6 100 3
3 10 100 3
3 10 10 4
6 4 10 4
3 10 10 4 
6 4 1000 2
4 6 1000 2
4 6 100 3
4 8 100 3
6 4 100 3
6 4 100 3
4 10 100 3
4 10 10 4
3 10 10 4
4 10 10 4
3 12 1000 2
4 8 1000 2
3 12 1000 2
3 12 100 3
1 4 1000 3
1 4 1000 3
1 6 1000 3
1 6 100 4
1 4 100 4
1 6 100 4
4 12 100 3
1 4 1000 3
1 4 1000 3
1 8 1000 3
1 6 1000 3
1 6 1000 3
1 8 1000 3
1 8 100 4
1 6 100 4
1 8 100 4
1 6 1000 3
1 6 1000 3
1 6 1000 3
2 4 1000 3
1 8 1000 3
1 8 1000 3
2 4 1000 3
2 4 100 4
1 8 100 4
2 4 100 4
2 4 1000 3
1 8 1000 3
1 8 1000 3
1 12 1000 3
1 10 1000 3
1 10 1000 3
2 6 100 4
2 6 100 4
1 12 100 4
1 12 100 4
1 12 1000 3
1 10 1000 3
1 10 1000 3
3 4 1000 3
1 12 1000 3
1 12 1000 3
3 4 100 4
3 4 100 4
2 6 100 4
3 4 100 4
3 4 1000 3
1 12 1000 3
1 12 1000 3
2 8 1000 3
3 4 1000 3
3 4 1000 3
2 8 1000 3
2 8 1000 3
3 4 1000 3
2 8 1000 3
2 8 1000 3
3 4 1000 3
3 4 1000 3
4 4 1000 3
2 8 1000 3
2 8 1000 3
4 4 100 4
4 4 100 4
2 8 100 4
4 4 100 4 
3 6 1000 3
2 8 1000 3
2 8 1000 3
3 8 1000 3
2 10 1000 3
2 10 100 4
3 8 100 4
3 8 100 4
3 6 100 4
3 8 100 4 
2 12 1000 3
2 10 1000 3
2 10 1000 3
4 6 1000 3
2 12 1000 3
2 12 100 4
4 6 100 4
4 6 100 4
2 12 100 4
2 12 100 4
2 12 100 4